{"base_to_hand": [[0.06470689129923654, -0.031746684484912815, -0.9973992010436963, -0.3350840277146245], [0.5091191628182343, 0.8606775995235751, 0.00563451236540995, -0.2622959993258237], [0.8582602730347297, -0.5081596380100953, 0.07185461730327328, 0.29684149558021933], [0.0, 0.0, 0.0, 1.0]], "cam_to_tag": [[0.9965579708560623, 0.08197571417149674, -0.012336653084209868, 0.20551735787187603], [-0.07744159992996799, 0.9736902221968369, 0.21431320490945438, -0.02276464837913722], [0.02958055651156443, -0.21262016245960316, 0.9766870825357107, 0.47984306283536665], [0.0, 0.0, 0.0, 1.0]]}
{"base_to_hand": [[-0.3147129481578409, -0.0694951236171652, -0.9466394181816197, -0.2937856088479998], [0.9085365441025104, 0.2666828589688122, -0.3216233834199378, -0.43320068758406294], [0.2748037632421867, -0.961275548698528, -0.020789689326120575, 0.21125389426528274], [0.0, 0.0, 0.0, 1.0]], "cam_to_tag": [[0.9413447916183066, 0.10673400254298582, -0.3201215956386585, 0.14480953283369496], [-0.25466545805821383, 0.8471087849259492, -0.4664249253344865, -0.1501562200420491], [0.22139441674325705, 0.5205905869322216, 0.824602906272151, 0.7222489715534075], [0.0, 0.0, 0.0, 1.0]]}
{"base_to_hand": [[0.15085844584598374, -0.5220494884770044, -0.8394677247505304, -0.28676478668478916], [0.9574162711627647, 0.28861545226284563, -0.007429968230118472, -0.10207400068716033], [0.24616216815287015, -0.8025991853322624, 0.5433587531955909, 0.3690136993177818], [0.0, 0.0, 0.0, 1.0]], "cam_to_tag": [[0.8423339004259319, 0.5159171223883577, 0.15589458944990134, 0.129133394328703], [-0.37425451270787713, 0.7680596956204354, -0.5196324313216351, -0.01658046507713396], [-0.3878236195888878, 0.37935975905459546, 0.84004703040902, 0.22671407386492334], [0.0, 0.0, 0.0, 1.0]]}
{"base_to_hand": [[-0.8145814393811232, -0.19095010719145686, -0.5477181165338145, -0.07207426711998918], [0.5170023183170086, 0.18911650517758694, -0.8348314502486442, -0.29443991885352394], [0.2629936909331032, -0.9632097404163786, -0.0553291468974219, 0.29898442080996485], [0.0, 0.0, 0.0, 1.0]], "cam_to_tag": [[0.5359589148051105, 0.23403881531972656, -0.8111558879553714, -0.17336731496182842], [-0.6451982657327755, 0.7332117747855215, -0.21475495619725352, -0.1968460438221194], [0.5444880527030387, 0.6384562054202343, 0.5439728248948182, 0.6373793467471353], [0.0, 0.0, 0.0, 1.0]]}
{"base_to_hand": [[0.06467352408799419, -0.03182711009188768, -0.9973988020572503, -0.3350810118147514], [0.5091589347705499, 0.8606546120076173, 0.005551393819225265, -0.2623207170308855], [0.8582391941791976, -0.5081935397987818, 0.0718666242523285, 0.2968626451985068], [0.0, 0.0, 0.0, 1.0]], "cam_to_tag": [[0.9964857634903762, 0.08245837730116151, -0.014722064184804148, 0.20543342452746322], [-0.07735618851286624, 0.9733616470236437, 0.21583124009786273, -0.022768921255727645], [0.0321269864718759, -0.2139339153016152, 0.9763196897655794, 0.4797484711098798], [0.0, 0.0, 0.0, 1.0]]}
{"base_to_hand": [[-0.3145365994545054, -0.06998791868085806, -0.9466617235540468, -0.2937468459535528], [0.9087197006609009, 0.26608397776421916, -0.321601962692913, -0.4331363027808417], [0.27439976901294805, -0.9614057457784891, -0.02009374902173691, 0.2113255205348116], [0.0, 0.0, 0.0, 1.0]], "cam_to_tag": [[0.9420394113143788, 0.10723254423763429, -0.31790396189223935, 0.14484846451848282], [-0.25418105617515013, 0.8465786870490638, -0.46764999445735955, -0.15004677370978844], [0.21898341994804946, 0.5213498902758176, 0.8247669693296703, 0.722250831855109], [0.0, 0.0, 0.0, 1.0]]}
{"base_to_hand": [[0.1507084613596074, -0.5221346004996499, -0.8394417303396887, -0.28674828843073646], [0.9574553437501087, 0.2884829230530651, -0.007541076257441863, -0.10209705884966397], [0.24610206094013307, -0.8025914664808182, 0.5433973808670675, 0.3690399611882575], [0.0, 0.0, 0.0, 1.0]], "cam_to_tag": [[0.8423264878572194, 0.5159766401428576, 0.15573758275063174, 0.12912332326360168], [-0.37434028468355174, 0.7679693019602096, -0.5197042452297129, -0.01660337025504612], [-0.3877569330355801, 0.37946180054603135, 0.8400317272634436, 0.2267170609263379], [0.0, 0.0, 0.0, 1.0]]}
{"base_to_hand": [[-0.8145067379976328, -0.19113826934796552, -0.5477635765064344, -0.07207080599887862], [0.5171513408692505, 0.18870090224542135, -0.8348331929966013, -0.294425824682696], [0.2629320528075494, -0.9632539288694487, -0.0548507440604, 0.29906520987522434], [0.0, 0.0, 0.0, 1.0]], "cam_to_tag": [[0.5350731865675733, 0.23414745163532477, -0.811709095618071, -0.17316561686789184], [-0.645512296421537, 0.7331467040323884, -0.21403220677047477, -0.19671041663898653], [0.5449867523023082, 0.6384910972434372, 0.5434322023544924, 0.636681021234672], [0.0, 0.0, 0.0, 1.0]]}
{"base_to_hand": [[0.06471586817428317, -0.0317537764529367, -0.9973983928638673, -0.33509342091837035], [0.509143314712505, 0.8606633092232266, 0.00563500137422025, -0.262291906243095], [0.8582452688421952, -0.5081833978377307, 0.07186579626002074, 0.29685660144986314], [0.0, 0.0, 0.0, 1.0]], "cam_to_tag": [[0.9964975598743065, 0.08237614770569118, -0.01437996709744032, 0.20538898358166532], [-0.07732435074420138, 0.9731954691883409, 0.21659068200934414, -0.02279123559975602], [0.03183642483918446, -0.21472016449429068, 0.9761565924650633, 0.47967068234231935], [0.0, 0.0, 0.0, 1.0]]}
{"base_to_hand": [[-0.3144835221802415, -0.07005047969762525, -0.9466747300795784, -0.29376752962661], [0.9087587629837927, 0.26598902706794614, -0.3215701294890661, -0.4331319233691766], [0.274331232230814, -0.9614274636048112, -0.01999017881718812, 0.21135848454870654], [0.0, 0.0, 0.0, 1.0]], "cam_to_tag": [[0.9413388433028202, 0.10645602677237442, -0.3202316293765306, 0.14475855873141774], [-0.2551651167930724, 0.845543933180501, -0.468984243054738, -0.14997611810406664], [0.22084371229737532, 0.5231850259950941, 0.8231072125265497, 0.7218324088229716], [0.0, 0.0, 0.0, 1.0]]}
{"base_to_hand": [[0.15076324326169985, -0.5221300925982967, -0.8394346972126584, -0.2867572293471491], [0.9574592639966676, 0.2884717747648857, -0.007469467916571791, -0.10209005721515146], [0.2460532508790997, -0.8025984061579561, 0.54340923452269, 0.36903148670983715], [0.0, 0.0, 0.0, 1.0]], "cam_to_tag": [[0.8423747122949302, 0.5159508444383849, 0.15556211045543905, 0.12910638061139046], [-0.37447021523714197, 0.7680250157232723, -0.5195282794261695, -0.016592946576612137], [-0.3875266468080374, 0.3793841079257076, 0.8401730754238281, 0.22668407087436993], [0.0, 0.0, 0.0, 1.0]]}
{"base_to_hand": [[-0.8145231098289757, -0.19120828190132416, -0.5477147948402329, -0.07203788998519135], [0.5171012401894697, 0.18868630874794193, -0.8348675249915934, -0.2944051963795716], [0.2629798679538932, -0.9632428924333782, -0.054815319277851486, 0.2990420907474868], [0.0, 0.0, 0.0, 1.0]], "cam_to_tag": [[0.5363040528293417, 0.2354541405051344, -0.8105179274006293, -0.17337591176969216], [-0.6451768576917112, 0.7335039950747749, -0.2138193431577094, -0.19687163024323695], [0.5441734881615171, 0.6375995898119237, 0.5452907278267201, 0.637427920246803], [0.0, 0.0, 0.0, 1.0]]}
{"base_to_hand": [[0.0646058016435966, -0.031797751303035686, -0.9974041274258184, -0.3350766043348198], [0.5090924394296302, 0.8606940423831815, 0.005536562262472941, -0.2623192935239189], [0.8582837400939018, -0.5081285943717085, 0.0717938233572723, 0.2968559829583204], [0.0, 0.0, 0.0, 1.0]], "cam_to_tag": [[0.9964997519646184, 0.08244219461949642, -0.013839395968572518, 0.20549476669805858], [-0.07751011573208672, 0.9732162489010723, 0.21643085462596257, -0.022767445245431298], [0.03131175967032833, -0.2146005997690759, 0.9761998546840193, 0.4798643406918391], [0.0, 0.0, 0.0, 1.0]]}
{"base_to_hand": [[-0.3146748836061427, -0.06962213154278418, -0.9466427395944577, -0.29373836917437096], [0.9086081641586643, 0.26643433758412016, -0.32162703210447513, -0.4331867478513129], [0.274610490789559, -0.9613352706291135, -0.020580957042060574, 0.21127674308505542], [0.0, 0.0, 0.0, 1.0]], "cam_to_tag": [[0.9414277061149035, 0.10680405437969481, -0.319854292025745, 0.14483148827644451], [-0.25448173064637214, 0.8473587813134057, -0.4660709650882435, -0.15013674716932845], [0.2212530743887159, 0.5201691933391659, 0.8249067143467936, 0.7222079772528626], [0.0, 0.0, 0.0, 1.0]]}
{"base_to_hand": [[0.15081192182832295, -0.5220746667468363, -0.8394604258543863, -0.28676519986588545], [0.9574428475666694, 0.288527221377363, -0.007432103853277115, -0.10208635923894285], [0.24608729727045145, -0.8026145306842123, 0.5433700003282171, 0.3690272697997183], [0.0, 0.0, 0.0, 1.0]], "cam_to_tag": [[0.8423751361057117, 0.5159462272919275, 0.15557512852030803, 0.12911974984625513], [-0.3745637567318099, 0.7681306082696359, -0.5193046897364516, -0.016608538903297738], [-0.3874353135864582, 0.37917655410447715, 0.8403088828541665, 0.22673117614709065], [0.0, 0.0, 0.0, 1.0]]}
{"base_to_hand": [[-0.8144839041585367, -0.19118048154166964, -0.5477827975978828, -0.07204944074630411], [0.5171516490458778, 0.18876291076438692, -0.8348189836179369, -0.29439635516441537], [0.26300217062943976, -0.9632334021395083, -0.05487505122504786, 0.2990345245649076], [0.0, 0.0, 0.0, 1.0]], "cam_to_tag": [[0.5371763948321142, 0.23636436084479673, -0.8096748790456594, -0.17341980385607408], [-0.6452991204014865, 0.7333308561361488, -0.2140441558363369, -0.1969459682221377], [0.5431671621556664, 0.6374619552263907, 0.5464537396657714, 0.6376671449659712], [0.0, 0.0, 0.0, 1.0]]}
{"base_to_hand": [[0.06465742259394089, -0.03177258691984388, -0.9974015843299674, -0.3350764383514273], [0.5091044125577152, 0.8606866430984498, 0.005585651813790394, -0.26229608723771547], [0.8582727508302778, -0.5081427015242294, 0.07182534420304292, 0.2968498356923481], [0.0, 0.0, 0.0, 1.0]], "cam_to_tag": [[0.9965064788299324, 0.08255032329320217, -0.012660243842741361, 0.20550218387787947], [-0.0778617621957376, 0.9731366826186655, 0.21666227851131112, -0.022809658309006], [0.03020568883081927, -0.21491961535915316, 0.9761645226580042, 0.47984767469527095], [0.0, 0.0, 0.0, 1.0]]}
{"base_to_hand": [[-0.31445636959938555, -0.06989904833611714, -0.9466949427667185, -0.29377834773597733], [0.9087247074985562, 0.2661920880738529, -0.3214983331660465, -0.4331194556501941], [0.27447513111398386, -0.9613822836356971, -0.020186805378118195, 0.2113087292873659], [0.0, 0.0, 0.0, 1.0]], "cam_to_tag": [[0.9414182860335092, 0.10648631780437667, -0.31998792921326796, 0.14476189137541765], [-0.25497072870922693, 0.8457731499115966, -0.46867654772785683, -0.14996611207050578], [0.22072955901558786, 0.5228082277557244, 0.8233772032110814, 0.721840160691416], [0.0, 0.0, 0.0, 1.0]]}
{"base_to_hand": [[0.15081864671054748, -0.5220936798212581, -0.839447392809756, -0.2867524560156741], [0.9574374208975657, 0.2885449455225738, -0.007443082586728982, -0.10209040347598013], [0.24610428860427652, -0.8025957911078732, 0.543389984473868, 0.3690241982185711], [0.0, 0.0, 0.0, 1.0]], "cam_to_tag": [[0.8420114064889754, 0.5165729249189156, 0.15546448013348366, 0.1290854335261616], [-0.37518645440208676, 0.767835022051101, -0.5192923101153879, -0.016629770567835322], [-0.38762342005566297, 0.37892188133242144, 0.840337011009184, 0.22670013369228373], [0.0, 0.0, 0.0, 1.0]]}
{"base_to_hand": [[-0.8144847915627023, -0.19107610567282607, -0.5478178950654758, -0.07206379670956585], [0.5171593149227091, 0.18888894112150606, -0.8347857275437037, -0.29441244915853443], [0.2629843480166377, -0.9632294066124143, -0.05503038192999152, 0.2990232725270021], [0.0, 0.0, 0.0, 1.0]], "cam_to_tag": [[0.5358045183267091, 0.23516504077005806, -0.8109321314020672, -0.17336102779132626], [-0.6454552799988307, 0.7332558652675165, -0.21383011381098038, -0.1969131368644563], [0.5443353742522288, 0.6379915670684077, 0.5446703229360705, 0.6373478974938299], [0.0, 0.0, 0.0, 1.0]]}
{"base_to_hand": [[0.06468714490449388, -0.031849167180780874, -0.9973972146712639, -0.3350817795678995], [0.5091669958518783, 0.8606499165073366, 0.005539995585520265, -0.2623082312832066], [0.8582333852858897, -0.5082001099624093, 0.07188953063497311, 0.2968742808585395], [0.0, 0.0, 0.0, 1.0]], "cam_to_tag": [[0.9964474264670335, 0.0829096776730649, -0.014782139066265305, 0.2053394690138441], [-0.07773155614400745, 0.9729783678812185, 0.21741872231855183, -0.022840723490058328], [0.03240881773000872, -0.21549728764731363, 0.97596648894826, 0.4795177940121435], [0.0, 0.0, 0.0, 1.0]]}
{"base_to_hand": [[-0.3145902718446268, -0.06979968001140373, -0.9466577869172312, -0.29372133301216957], [0.9086575921804745, 0.2663016052054724, -0.32159731845550527, -0.4331630432254374], [0.2745438781570384, -0.9613591731165283, -0.020351885200120334, 0.21128037065301025], [0.0, 0.0, 0.0, 1.0]], "cam_to_tag": [[0.941744231793034, 0.10753604659712734, -0.31867507051353766, 0.14486472371294848], [-0.25495650558190003, 0.8462116224475753, -0.46789215669437006, -0.15019337151130593], [0.21935127568813992, 0.5218830220623226, 0.8243319289807249, 0.722542094518039], [0.0, 0.0, 0.0, 1.0]]}
{"base_to_hand": [[0.15090541317533915, -0.5220881898288439, -0.8394352138882554, -0.2867681002746572], [0.9574278311553006, 0.2885787647477786, -0.007365097820372219, -0.10206029750136172], [0.2460884076986106, -0.8025872030987583, 0.5434098609875194, 0.3690475252156464], [0.0, 0.0, 0.0, 1.0]], "cam_to_tag": [[0.8421675934227202, 0.5161939813332959, 0.15587661217727722, 0.12911389027693704], [-0.37482654178654784, 0.7682380727410485, -0.51895599732873, -0.016575708309564195], [-0.3876323105223838, 0.3786212318748122, 0.8404684138102264, 0.22666019568459017], [0.0, 0.0, 0.0, 1.0]]}
{"base_to_hand": [[-0.8145631246063779, -0.19106381271105902, -0.5477057015440026, -0.07205336661002842], [0.5170397348132267, 0.18890839432740478, -0.8348553953691082, -0.294438097226782], [0.2629768595442627, -0.9632280301283573, -0.05509022889117462, 0.29901774101751105], [0.0, 0.0, 0.0, 1.0]], "cam_to_tag": [[0.5347657293803745, 0.2343872162947186, -0.8118425016700519, -0.1733288351459596], [-0.6457386235115561, 0.7330396177545048, -0.21371604737999872, -0.1968445969587687], [0.5450204076781677, 0.6385260774940534, 0.5433573442720563, 0.6371857002025643], [0.0, 0.0, 0.0, 1.0]]}
{"base_to_hand": [[0.06460127834751349, -0.03176740214170138, -0.9974053874914823, -0.3350849014963928], [0.5090786207789244, 0.8607020693683076, 0.005559285110576278, -0.26229838313631465], [0.8582922769672899, -0.5081168959464741, 0.0717745592255697, 0.29684560666953425], [0.0, 0.0, 0.0, 1.0]], "cam_to_tag": [[0.9964164521659876, 0.0835349189136016, -0.01327294899574467, 0.2054922700031038], [-0.07875015922432049, 0.9734750529582051, 0.21481325305986976, -0.022858585111261612], [0.030865292402467312, -0.2129982126453588, 0.9765649467059488, 0.4799099050292486], [0.0, 0.0, 0.0, 1.0]]}
{"base_to_hand": [[-0.3144762189247326, -0.06990896786069314, -0.9466876168744666, -0.29377955819789425], [0.9087405896893778, 0.26610946659748663, -0.3215218381979733, -0.43311577548202096], [0.27439979661400304, -0.9614044351883625, -0.020155982197352967, 0.21132751671907807], [0.0, 0.0, 0.0, 1.0]], "cam_to_tag": [[0.941364265616742, 0.10729053953474943, -0.3198781948589101, 0.144875372728761], [-0.25538212618709594, 0.8461631014584223, -0.46774776894649195, -0.15010925183873952], [0.2204842149542926, 0.5220122085321425, 0.8239477927025378, 0.7223075176035497], [0.0, 0.0, 0.0, 1.0]]}
{"base_to_hand": [[0.15080061988125967, -0.5221085372381522, -0.8394413906798168, -0.28676208376596524], [0.9574316751564333, 0.2885630274584951, -0.0074810822167571235, -0.10209094839263481], [0.2461376859616867, -0.8025796250385535, 0.5433987348369531, 0.3690344848802203], [0.0, 0.0, 0.0, 1.0]], "cam_to_tag": [[0.8420608881930931, 0.5163671910072728, 0.15587939128286504, 0.12911852027642945], [-0.374889723798275, 0.7680700398035296, -0.5191590401280302, -0.01662586710276861], [-0.3878029855041232, 0.3787259404998066, 0.8403424935266726, 0.22672541471374072], [0.0, 0.0, 0.0, 1.0]]}
{"base_to_hand": [[0.0646317084033983, -0.0318399948846743, -0.997401101360231, -0.33506814446405786], [0.50910075397857, 0.8606892689359156, 0.005514039989908951, -0.2623074432492487], [0.8582768577605419, -0.5081340345463023, 0.07183758325826166, 0.29683963762056365], [0.0, 0.0, 0.0, 1.0]], "cam_to_tag": [[0.99647813045172, 0.08268691107146658, -0.01393593444677525, 0.2053178519499182], [-0.07765913011594072, 0.9727253412567615, 0.21857371751093957, -0.022833670717283296], [0.031629022132858245, -0.216721676844694, 0.9757209230843331, 0.4794160703183296], [0.0, 0.0, 0.0, 1.0]]}
{"base_to_hand": [[0.0646365321549725, -0.03185764600120415, -0.9974002251364498, -0.3350860092130327], [0.5091123883201096, 0.8606824625498091, 0.00550224664932312, -0.2622952225096868], [0.8582695932922084, -0.5081444568727067, 0.07185065190775129, 0.2968436805605103], [0.0, 0.0, 0.0, 1.0]], "cam_to_tag": [[0.9964236723730298, 0.08321204132095306, -0.014684049640533083, 0.205419384791343], [-0.07804758606898315, 0.972950642408972, 0.21742957881754174, -0.022824531965601552], [0.03237961462788461, -0.2155059247797353, 0.9759655511038188, 0.47970839115499353], [0.0, 0.0, 0.0, 1.0]]}
{"base_to_hand": [[-0.31457693381261465, -0.07000825582897079, -0.9466468173658219, -0.29373139146175364], [0.9087248928840936, 0.26601085538653546, -0.32164777920781096, -0.4331404604848459], [0.27433632965002425, -0.9614244998606545, -0.02006263446918346, 0.21131553199032505], [0.0, 0.0, 0.0, 1.0]], "cam_to_tag": [[0.941804061191856, 0.10780466686739865, -0.31840738704391897, 0.14492135658113403], [-0.2547127647677152, 0.8469762795873623, -0.46663967821086266, -0.1502171461371051], [0.21937756901495958, 0.5205855699286717, 0.825144924601204, 0.7226617081672299], [0.0, 0.0, 0.0, 1.0]]}
{"base_to_hand": [[0.1507521899864831, -0.5220609800924687, -0.8394796663881564, -0.28675263779711346], [0.9574520509942046, 0.28849559590073914, -0.007474034577715939, -0.10209824701933805], [0.24608808841809227, -0.8026348012706455, 0.5433396990170706, 0.36902246480168627], [0.0, 0.0, 0.0, 1.0]], "cam_to_tag": [[0.8419827769659858, 0.5164550188069185, 0.15601031004966615, 0.12912002752719381], [-0.3750036202272249, 0.7681426863181793, -0.518969265248306, -0.016639003500146743], [-0.38786246029890914, 0.3784587520523691, 0.8404354138694065, 0.22673781593877285], [0.0, 0.0, 0.0, 1.0]]}
{"base_to_hand": [[-0.8144345941317691, -0.1911642155063841, -0.5478617842040541, -0.07207568515343873], [0.5172170052620005, 0.18882353002905913, -0.8347647836218133, -0.29440984297999206], [0.2630263510548485, -0.9632247490680428, -0.054911031984273, 0.29903441366494454], [0.0, 0.0, 0.0, 1.0]], "cam_to_tag": [[0.5360502353083675, 0.23594652489982504, -0.8105426470047954, -0.17320926376257026], [-0.6462425701360669, 0.7324618086740355, -0.21417338625023158, -0.19677204294612674], [0.5431580670208028, 0.6386148575014963, 0.5451150135600457, 0.6370372047510511], [0.0, 0.0, 0.0, 1.0]]}
{"base_to_hand": [[0.06456823371477738, -0.031765440710378554, -0.997407589690107, -0.3350955893614073], [0.5091035323685051, 0.8606874190042717, 0.00554617865516559, -0.2622961400085739], [0.8582799872564105, -0.5081418340820207, 0.0717449644985324, 0.29682359962908395], [0.0, 0.0, 0.0, 1.0]], "cam_to_tag": [[0.9964492673831757, 0.08320908932581073, -0.012849318468369203, 0.20551308496102016], [-0.07846977820839729, 0.973125889649587, 0.21649133193184722, -0.022823701835867797], [0.030518051042903463, -0.21471434592795505, 0.9761999785972509, 0.47986290182388736], [0.0, 0.0, 0.0, 1.0]]}
{"base_to_hand": [[-0.3145395731571003, -0.06972990999709922, -0.9466797750929012, -0.29378002834289985], [0.9086686788304311, 0.2663467849313787, -0.3215285714664829, -0.43313364487078754], [0.2745652728054085, -0.9613517201360359, -0.020415218852052833, 0.211295209950914], [0.0, 0.0, 0.0, 1.0]], "cam_to_tag": [[0.9418748938568162, 0.10767597849799282, -0.3182413674818387, 0.1449339193308624], [-0.25475209361028034, 0.8464469030193194, -0.46757781295756706, -0.15023577205823246], [0.21902752138347792, 0.5214724575886076, 0.8246777678906517, 0.7225301094731631], [0.0, 0.0, 0.0, 1.0]]}
{"base_to_hand": [[0.15077378109288073, -0.5220537900793916, -0.8394802601602365, -0.2867519460934214], [0.9574429165245715, 0.2885260778459631, -0.00746752969512955, -0.10209027102476348], [0.24611039907301463, -0.802628520965065, 0.5433388710570539, 0.3690030135112997], [0.0, 0.0, 0.0, 1.0]], "cam_to_tag": [[0.8419490775847394, 0.5163465199501329, 0.15655038195288315, 0.12911463382282543], [-0.37462882306589723, 0.7682466868697309, -0.5190859977324979, -0.01661764247872672], [-0.38829756074751115, 0.37839569163650544, 0.8402628784305919, 0.22670414728117005], [0.0, 0.0, 0.0, 1.0]]}
{"base_to_hand": [[-0.8145468452778156, -0.1908796111541042, -0.5477941318539443, -0.07208729103878722], [0.517051140054537, 0.18923823125001377, -0.8347736282380213, -0.29445439884092267], [0.2630048581609514, -0.9631998057926635, -0.05544888371025617, 0.29897966725463626], [0.0, 0.0, 0.0, 1.0]], "cam_to_tag": [[0.5354115759062166, 0.23534923419354434, -0.8111382017573416, -0.1733918617917016], [-0.647558824131022, 0.7309516921387406, -0.2153536464737934, -0.19704587757647804], [0.5422195253545096, 0.6405625353734196, 0.543762470753827, 0.6372987712874175], [0.0, 0.0, 0.0, 1.0]]}
{"base_to_hand": [[0.06461864566824944, -0.03184888963280725, -0.9974016637549579, -0.33511360760838244], [0.5091216449476903, 0.8606769921475292, 0.005501439233468129, -0.262301364929719], [0.8582654491925905, -0.5081542712769802, 0.07183074067000816, 0.2968597026153077], [0.0, 0.0, 0.0, 1.0]], "cam_to_tag": [[0.9973913240176259, 0.051748534156678405, -0.050325301658336936, 0.20472199424088924], [-0.039257788099819335, 0.973929663042911, 0.22342747708961755, -0.021458412258770793], [0.060575348516349485, -0.22086896716776888, 0.9734205291108082, 0.4808235919879853], [0.0, 0.0, 0.0, 1.0]]}
{"base_to_hand": [[-0.31447003584793304, -0.07001785071746777, -0.9466816239553331, -0.2937616756190777], [0.9087442399201408, 0.266067053939546, -0.3215466206009587, -0.43312230509364114], [0.27439479398444466, -0.9614082501148187, -0.02004179745923583, 0.21133819165279907], [0.0, 0.0, 0.0, 1.0]], "cam_to_tag": [[0.9301418679075028, 0.07864348226597317, -0.3586799524124861, 0.14368595243707388], [-0.2474849192866609, 0.855872176956278, -0.4541299719659524, -0.1497852026990609], [0.27126982930509735, 0.5111731794697405, 0.8155456212251894, 0.7234201758668716], [0.0, 0.0, 0.0, 1.0]]}
{"base_to_hand": [[0.15079615276611175, -0.5221106445924951, -0.8394408824414908, -0.2867535557104628], [0.9574560737916359, 0.2884833065861558, -0.007432938895470106, -0.10208685107429918], [0.24604549796825226, -0.8026069128934336, 0.5434001806267896, 0.3690310360882239], [0.0, 0.0, 0.0, 1.0]], "cam_to_tag": [[0.8628329694914076, 0.4898327423024994, 0.1248324930739301, 0.12930000075080159], [-0.37013968660359564, 0.7804196678570446, -0.5039263382905206, -0.016458872519215653], [-0.34426135298582594, 0.3885987990078116, 0.8546783571906189, 0.22873594267422737], [0.0, 0.0, 0.0, 1.0]]}
{"base_to_hand": [[-0.8146497220832997, -0.1906951535774392, -0.5477053849577159, -0.07209636340183902], [0.5169294338699253, 0.1893908505368562, -0.8348143902280584, -0.29447807234624535], [0.2629254470539539, -0.9632063455641287, -0.055711265974445534, 0.29895401723534804], [0.0, 0.0, 0.0, 1.0]], "cam_to_tag": [[0.5117893876343931, 0.22360765282176176, -0.8295005969282694, -0.17492188292822974], [-0.6299423750019589, 0.7541986577036957, -0.18535638347473868, -0.19614303969746363], [0.5841611309233987, 0.617401006087199, 0.5268508050680101, 0.6388637338696042], [0.0, 0.0, 0.0, 1.0]]}
{"base_to_hand": [[0.06458838575484645, -0.031790548094221174, -0.9974054849846434, -0.3350882490709843], [0.5091105666803494, 0.8606833275244852, 0.005535396624716197, -0.2623071658307424], [0.8582742984151376, -0.5081471940031238, 0.07177505072624416, 0.29683611247840164], [0.0, 0.0, 0.0, 1.0]], "cam_to_tag": [[0.9974452980115801, 0.051632034757109146, -0.049366086146577386, 0.20477571909412015], [-0.03948394184130555, 0.9743957880440236, 0.2213455817917723, -0.02139259296412549], [0.05953062918584877, -0.2188309421194965, 0.9739451334442976, 0.4808796519795915], [0.0, 0.0, 0.0, 1.0]]}
{"base_to_hand": [[-0.3145171196798918, -0.07001654474761847, -0.9466660788735751, -0.293712938946828], [0.9087241517609821, 0.2660818435729519, -0.3215911511952765, -0.4331440928591273], [0.2744073567427604, -0.9614042521137632, -0.02006156980466591, 0.21133649134661323], [0.0, 0.0, 0.0, 1.0]], "cam_to_tag": [[0.9303034551544853, 0.07842053422233353, -0.3583095046742566, 0.1436360871923267], [-0.24703101878105482, 0.8560594225293827, -0.4540241632982265, -0.14984000690737348], [0.2711294102225383, 0.5108938098185809, 0.8157673430589351, 0.7237385703045339], [0.0, 0.0, 0.0, 1.0]]}
{"base_to_hand": [[0.15082465785846239, -0.522070503571506, -0.8394607268255447, -0.28676553852492315], [0.9574547241924247, 0.2884888845933547, -0.007390168312701876, -0.10207514276279488], [0.24603327763431873, -0.8026310190658448, 0.5433701073208187, 0.3690238835517883], [0.0, 0.0, 0.0, 1.0]], "cam_to_tag": [[0.8631299067749583, 0.48922638691677167, 0.1251571267447951, 0.129305910614513], [-0.3697628469170842, 0.7810871813449017, -0.5031682145947315, -0.016453547098291783], [-0.3439217949918618, 0.38802107865815505, 0.8550774476306444, 0.22876039271844384], [0.0, 0.0, 0.0, 1.0]]}
{"base_to_hand": [[-0.8146273094584126, -0.19094866719645015, -0.5476503932076076, -0.07205163530980041], [0.5169628240419627, 0.1890072460831298, -0.8348806498456113, -0.29444889527668444], [0.2629292399926387, -0.9632314713629175, -0.05525710210391836, 0.2989931929131599], [0.0, 0.0, 0.0, 1.0]], "cam_to_tag": [[0.510758108922615, 0.22281264002197196, -0.8303497345192767, -0.1749462322146486], [-0.6303526094466392, 0.7538309336112148, -0.18545757276168978, -0.19607511990750684], [0.5846210241973915, 0.6181370810566889, 0.5254757911541779, 0.6386817963930087], [0.0, 0.0, 0.0, 1.0]]}
{"base_to_hand": [[0.0645503166233821, -0.031839058188930104, -0.9974064021237594, -0.3350945787814907], [0.509126378901715, 0.8606743578163681, 0.005475409008361964, -0.26231620795324584], [0.858267782763776, -0.50815934919179, 0.07176690671004364, 0.2968454613941445], [0.0, 0.0, 0.0, 1.0]], "cam_to_tag": [[0.4468610401364629, 0.8929902266808503, -0.05369977523828151, 0.021303407848869096], [-0.674304589659507, 0.3756599998332479, 0.6357616572972988, -0.1614534367059806], [0.5879018040219663, -0.2478871105518954, 0.7700152266351296, 1.097626215209316], [0.0, 0.0, 0.0, 1.0]]}
{"base_to_hand": [[0.15077389579981032, -0.5220427203819141, -0.8394871234519314, -0.28675687160332936], [0.9574548894793997, 0.2884871283725031, -0.007437161782410165, -0.10207994143676648], [0.24606374571915055, -0.8026497211484208, 0.5433286833796132, 0.3690121574346089], [0.0, 0.0, 0.0, 1.0]], "cam_to_tag": [[0.44700238373936624, 0.8928946263959521, -0.05411150602744508, 0.021322707852988464], [-0.6742956956406742, 0.3760811510030717, 0.6355220552432971, -0.16143213561412745], [0.5878045455521625, -0.24759271801375432, 0.7701841742172956, 1.0976530660471402], [0.0, 0.0, 0.0, 1.0]]}
{"base_to_hand": [[-0.8145596825888439, -0.19097400210774898, -0.5477421419059443, -0.07206723871032746], [0.5170602056846987, 0.18898951601673858, -0.8348243566960993, -0.29443808997246634], [0.26294727075605717, -0.9632299275638755, -0.05519818336895102, 0.29901595371128065], [0.0, 0.0, 0.0, 1.0]], "cam_to_tag": [[0.4472191219777574, 0.8928057753022773, -0.05378572788709102, 0.021380857884953242], [-0.6742632546843026, 0.3760377441303855, 0.6355821570590714, -0.16133429358530885], [0.5876768842824904, -0.24797875428397254, 0.7701573976167428, 1.097247641499051], [0.0, 0.0, 0.0, 1.0]]}
{"base_to_hand": [[0.06463411135600619, -0.03177676266618915, -0.9974029621991684, -0.3351059674738556], [0.5091333668800561, 0.8606696005381345, 0.005572561251898384, -0.2622950866767141], [0.8582573310951661, -0.5081713058250973, 0.0718072249666965, 0.29686741537669015], [0.0, 0.0, 0.0, 1.0]], "cam_to_tag": [[0.9982827633472844, 0.05835580182010186, -0.005111242279769175, 0.20196509500751916], [-0.05676626633158416, 0.9852371055212907, 0.16150986629553218, -0.016829666562076465], [0.014460823298871057, -0.16094236949281565, 0.9868578612401874, 0.4782069485082315], [0.0, 0.0, 0.0, 1.0]]}
{"base_to_hand": [[0.15076324201581578, -0.5220890808149854, -0.8394602054598206, -0.2867507207963945], [0.9574413538277726, 0.2885305531909961, -0.007494921996919814, -0.10210508170653045], [0.24612293439930114, -0.8026039568610795, 0.5433694779738885, 0.369023545137737], [0.0, 0.0, 0.0, 1.0]], "cam_to_tag": [[0.8526998298792439, 0.5037197377514496, 0.13845369595471124, 0.12909398214826326], [-0.34968944047370976, 0.7472723270948611, -0.5650675750557761, -0.010947522027693259], [-0.38809830628990444, 0.433417229650417, 0.8133444594371226, 0.23104751587134786], [0.0, 0.0, 0.0, 1.0]]}
{"base_to_hand": [[0.06445063603603912, -0.031823784427720464, -0.9974133357135585, -0.3350906883157281], [0.5091038970559623, 0.860687907579593, 0.00543578409190352, -0.2623313608804645], [0.8582886096861487, -0.5081373559294372, 0.07167349574325377, 0.29680793613795237], [0.0, 0.0, 0.0, 1.0]], "cam_to_tag": [[0.9983311884313455, 0.05748008765168389, -0.005556773237352505, 0.2018224396027384], [-0.05576555566000502, 0.9845811986445658, 0.1658012849092577, -0.016808888888142446], [0.015001366843974497, -0.1652147172596458, 0.9861435271772704, 0.477926653707861], [0.0, 0.0, 0.0, 1.0]]}
{"base_to_hand": [[0.15082810878194206, -0.5221211810337608, -0.8394285877411929, -0.28676112933225517], [0.9574330073335535, 0.2885593682750603, -0.007451674236441272, -0.10208090537303151], [0.24611565994363419, -0.8025727152704665, 0.5434189163379397, 0.36902870843877766], [0.0, 0.0, 0.0, 1.0]], "cam_to_tag": [[0.8526478775485686, 0.5039508474079581, 0.137931650859122, 0.12911628069869555], [-0.34947679590623093, 0.7463262220227336, -0.5664478258801845, -0.010934778733123995], [-0.38840386974776164, 0.4347766250824375, 0.8124725966128885, 0.23107296553965656], [0.0, 0.0, 0.0, 1.0]]}
{"base_to_hand": [[0.06464487886768033, -0.03178077994751059, -0.9974021363833698, -0.3351177505997838], [0.5091148073712896, 0.8606805761177069, 0.0055730430633741815, -0.26228770784825817], [0.8582675297082358, -0.5081524652302883, 0.07181865724798071, 0.29684023978300345], [0.0, 0.0, 0.0, 1.0]], "cam_to_tag": [[0.9982974009739403, 0.058087775534309716, -0.005301843278687948, 0.20199745130086788], [-0.056524106380952954, 0.9858361009525836, 0.1578993586321439, -0.016774673493436497], [0.014398771006958834, -0.15733083738442166, 0.9874409769709812, 0.47823529677754617], [0.0, 0.0, 0.0, 1.0]]}
{"base_to_hand": [[0.1508300329210559, -0.5219960407568142, -0.8395060658525605, -0.28676382312179305], [0.9574367658782047, 0.2885482731204101, -0.007398204100554851, -0.10207856312645298], [0.24609985882506608, -0.8026581012569672, 0.5432999465974969, 0.3690052240394652], [0.0, 0.0, 0.0, 1.0]], "cam_to_tag": [[0.8527262357251874, 0.5039848527442436, 0.13732164836730942, 0.12911126108325666], [-0.3496242842593402, 0.7459899913506397, -0.56679960538167, -0.010918674974022434], [-0.38809899093156097, 0.43531391088389976, 0.8123305806313513, 0.23105081024842672], [0.0, 0.0, 0.0, 1.0]]}
{"base_to_hand": [[0.06460498337408933, -0.031825940972534446, -0.9974032813282929, -0.33507962955323245], [0.5091049013848388, 0.8606868232693391, 0.005512861005534311, -0.262304516185756], [0.858276409735912, -0.5081390574751615, 0.07180740044791528, 0.29684437302228656], [0.0, 0.0, 0.0, 1.0]], "cam_to_tag": [[0.9982996776375239, 0.058081908891555845, -0.004923970788684007, 0.20194225920615033], [-0.056541487366324195, 0.9854247716261817, 0.160440268236782, -0.0168340503844091], [0.014170879832198495, -0.15988905942871687, 0.9870332693682526, 0.4781487193089089], [0.0, 0.0, 0.0, 1.0]]}
{"base_to_hand": [[0.15088418546122345, -0.522032064911358, -0.8394739339503561, -0.2867606922941053], [0.9574323746732284, 0.2885638311215296, -0.007359571729948351, -0.10206523414663757], [0.24608374693442486, -0.8026290790725497, 0.5433501181759925, 0.3690163018182724], [0.0, 0.0, 0.0, 1.0]], "cam_to_tag": [[0.8525568731213882, 0.5041711078673404, 0.1376890412679952, 0.12910861440240862], [-0.3494207423390473, 0.7457766907981086, -0.5672056701809767, -0.010910023128348517], [-0.38865398867979006, 0.4354636855744002, 0.8119848863305581, 0.23104085100956273], [0.0, 0.0, 0.0, 1.0]]}
{"base_to_hand": [[0.06459329320936652, -0.03180596572200051, -0.9974046756541997, -0.33508484638168545], [0.5091036479631478, 0.8606874931259252, 0.005524020929128075, -0.26229697690830345], [0.8582780331005705, -0.5081391735746233, 0.07178717278117883, 0.2968397612113479], [0.0, 0.0, 0.0, 1.0]], "cam_to_tag": [[0.998291979120035, 0.058274346535991506, -0.004150296423899118, 0.20194275652404028], [-0.05687450269855826, 0.9856364885103301, 0.15901573337194555, -0.016832752123520818], [0.0133572215447205, -0.1585080851339425, 0.9872673252872173, 0.47816987919267234], [0.0, 0.0, 0.0, 1.0]]}
{"base_to_hand": [[0.06463601764064113, -0.03183427891489897, -0.9974010045661307, -0.3350978875129579], [0.5090160843450413, 0.8607393453998055, 0.005514087300326694, -0.2623101461555417], [0.8583267507782805, -0.5080495625100786, 0.07183892351446554, 0.29683777272699124], [0.0, 0.0, 0.0, 1.0]], "cam_to_tag": [[0.9981608649730604, 0.05990506945917423, -0.009288180086715966, 0.20305724706425632], [-0.05769203683950308, 0.9857684766854867, 0.1578991426781163, -0.016937681148017532], [0.018614954244939093, -0.15707289080635853, 0.9874115608256734, 0.480833966735868], [0.0, 0.0, 0.0, 1.0]]}
{"base_to_hand": [[0.06469332541619131, -0.03186132261225682, -0.9973964255841266, -0.33510323007984455], [0.5091177844767941, 0.8606791020778073, 0.005528541939750479, -0.2623073875501277], [0.8582621133290431, -0.5081499182012497, 0.07190135920848752, 0.29685603923386683], [0.0, 0.0, 0.0, 1.0]], "cam_to_tag": [[0.9982437797600117, 0.05914468667005274, -0.0033559215049157997, 0.2019141186977641], [-0.057903576179096694, 0.9861242505984482, 0.155583219684261, -0.016850064990661374], [0.0125112763584459, -0.15511566142833794, 0.9878170881005915, 0.47809711772943797], [0.0, 0.0, 0.0, 1.0]]}
{"base_to_hand": [[0.06461672080555321, -0.03178276045755247, -0.9974038978919397, -0.33510431656269674], [0.5091515370968734, 0.8606589327050306, 0.005560020407190161, -0.26231402481629457], [0.8582478614387735, -0.5081889980044189, 0.07179519930355095, 0.2968442258912789], [0.0, 0.0, 0.0, 1.0]], "cam_to_tag": [[0.9983323466845653, 0.05758717326431814, -0.004030265340565857, 0.2019770005634686], [-0.05622527247694972, 0.985797413385837, 0.15824720691590866, -0.016801201234842134], [0.013086034471249244, -0.15775670266970926, 0.98739129956902, 0.4781591006801986], [0.0, 0.0, 0.0, 1.0]]}
{"base_to_hand": [[0.0646648060288415, -0.031845805191346055, -0.9973987705792337, -0.33510440728737495], [0.5091153260334402, 0.8606805652208751, 0.005527155592000282, -0.2623220921472502], [0.8582657208924961, -0.508148412713047, 0.07186892929559113, 0.29685501618485055], [0.0, 0.0, 0.0, 1.0]], "cam_to_tag": [[0.9983097923761673, 0.05800278346091953, -0.003638070455431455, 0.2019910910912674], [-0.05670275045128648, 0.985834726664497, 0.15784387790977175, -0.01683119649107335], [0.012741920464048775, -0.15737080038279488, 0.987457378649715, 0.47821511306372355], [0.0, 0.0, 0.0, 1.0]]}
{"base_to_hand": [[0.0645913864954654, -0.03176229331293445, -0.9974061908340535, -0.33509916041849946], [0.5090851909846119, 0.8606981838779161, 0.0055591896367997015, -0.26231577882412915], [0.8582891244276339, -0.5081237969164206, 0.07176340220812813, 0.2968158809085496], [0.0, 0.0, 0.0, 1.0]], "cam_to_tag": [[0.9983136720112697, 0.05795159195870914, -0.003380127930298132, 0.20202331907721688], [-0.0567108630580484, 0.9860628772079957, 0.15640933541032825, -0.016814768370694046], [0.012397188656513111, -0.1559538879981534, 0.9876865365750788, 0.4783043011387814], [0.0, 0.0, 0.0, 1.0]]}
{"base_to_hand": [[0.06460425129728561, -0.0317423763777572, -0.9974059916885447, -0.3351085611910487], [0.5090821432410954, 0.8606998344131316, 0.005582694175785849, -0.26230017931018956], [0.8582899639092665, -0.508122245707763, 0.07176434539191225, 0.29681304185374785], [0.0, 0.0, 0.0, 1.0]], "cam_to_tag": [[0.9983299369357229, 0.05761946781966165, -0.004163405588453519, 0.2019970929457405], [-0.0562404322631887, 0.9858477795286311, 0.15792773466784504, -0.016805662907756293], [0.013204196180179956, -0.1574298336613697, 0.9874418953419937, 0.47820147466420143], [0.0, 0.0, 0.0, 1.0]]}
{"base_to_hand": [[0.06467889297206224, -0.03176067683710524, -0.9974005715913525, -0.3351212174268183], [0.5091360731979743, 0.860667759319829, 0.005609548638806689, -0.2622910655075452], [0.8582523520343275, -0.5081754298214674, 0.07183754417650548, 0.2968392933459295], [0.0, 0.0, 0.0, 1.0]], "cam_to_tag": [[0.9982814448345951, 0.058395589644759965, -0.004910398048399919, 0.2019228919329703], [-0.05685993460714511, 0.9854815353385309, 0.1599784089909738, -0.016805252368721112], [0.014181140131318964, -0.15942427235792206, 0.9871083003641105, 0.4779904026308073], [0.0, 0.0, 0.0, 1.0]]}
{"base_to_hand": [[0.06464180616491146, -0.03173849859326484, -0.9974036818674689, -0.335112852692586], [0.509117986605318, 0.8606784669849024, 0.005608224626847307, -0.26230037022480646], [0.8582658752453607, -0.508158680114355, 0.07179445113482993, 0.2968172449750398], [0.0, 0.0, 0.0, 1.0]], "cam_to_tag": [[0.998295745654286, 0.05818012542556289, -0.004547220471721111, 0.20194841721746193], [-0.05674348333741852, 0.985932537699895, 0.15721707351105835, -0.01679748142811229], [0.013630161675078224, -0.15669111050123807, 0.9875536008655935, 0.4780853062728155], [0.0, 0.0, 0.0, 1.0]]}
{"base_to_hand": [[0.06464643832602762, -0.03181195742037635, -0.9974010413955074, -0.3350884625978976], [0.5091532682664616, 0.8606579722460584, 0.00555015521253001, -0.26232021758853225], [0.8582445965022674, -0.5081887977655418, 0.07183563461314696, 0.29685590571207127], [0.0, 0.0, 0.0, 1.0]], "cam_to_tag": [[0.9983202483003424, 0.05776411654176977, -0.004470869455944713, 0.20198139963519693], [-0.056340476241798, 0.9859075957119562, 0.15751813690593924, -0.01682980442397869], [0.013506760173729579, -0.15700165463338173, 0.9875059735880031, 0.4782008164032011], [0.0, 0.0, 0.0, 1.0]]}
{"base_to_hand": [[0.06472910558577549, -0.03181929431919857, -0.9973954458483824, -0.33511908660974205], [0.5091831365502846, 0.860640053325245, 0.005588565570270645, -0.26230145391156606], [0.858220645488606, -0.50821868434892, 0.07191030896730342, 0.2968613985165408], [0.0, 0.0, 0.0, 1.0]], "cam_to_tag": [[0.9977333745031354, -0.057110424411646876, -0.03558809950121704, 0.20553090320629164], [0.06263334703503148, 0.9815100898698044, 0.18087290378317555, -0.013427069222647794], [0.024600350440110948, -0.18269193443414555, 0.9828623911061678, 0.47825839883969495], [0.0, 0.0, 0.0, 1.0]]}
{"base_to_hand": [[-0.3146054228442244, -0.06949820341231389, -0.9466749324026004, -0.29380441449564243], [0.908597833000126, 0.2665951761876736, -0.3215229228234576, -0.4331613850562996], [0.2747242358884314, -0.9612996472255281, -0.0207263711149232, 0.21127354669234552], [0.0, 0.0, 0.0, 1.0]], "cam_to_tag": [[0.9379554813459272, -0.03741549719627635, -0.34473119322551177, 0.1448398309747862], [-0.14847995130809377, 0.8550724936651626, -0.4967944591446119, -0.14247082295250296], [0.313357972728756, 0.517156756841479, 0.7964644811794983, 0.7273498677103591], [0.0, 0.0, 0.0, 1.0]]}
