{"base_to_hand": [[0.06457157997891422, -0.03168044965936879, -0.9974100762316402, -0.3351132425087788], [0.5090549351661208, 0.860715702421678, 0.005617169017691758, -0.2623014752534206], [0.858308559925883, -0.5080992311686143, 0.07170486206541227, 0.2967943862145207], [0.0, 0.0, 0.0, 1.0]], "cam_to_tag": [[0.9662527914124996, -0.2572601324439962, 0.013144099149424292, 0.14962684389098524], [0.24909945121306437, 0.94616272110202, 0.2067016415081696, -0.06432747109656006], [-0.06561254828843717, -0.196451850212003, 0.9783157282060727, 0.4859539089137055], [0.0, 0.0, 0.0, 1.0]]}
{"base_to_hand": [[-0.31405473043883353, -0.06962810936118581, -0.9468482205062113, -0.2938012902375974], [0.9088055249070662, 0.2664782404131411, -0.32103249879834345, -0.4331163765646691], [0.2746673336736347, -0.9613226689166876, -0.020410341484484628, 0.21127238406603516], [0.0, 0.0, 0.0, 1.0]], "cam_to_tag": [[0.9292388430201153, -0.21858100710117045, -0.2978884287065816, 0.0911493110498086], [0.0406898707810201, 0.861874244983647, -0.5054870129387019, -0.17634288682550248], [0.36723222494555396, 0.4575971253936216, 0.8097810591715716, 0.6837250635198755], [0.0, 0.0, 0.0, 1.0]]}
{"base_to_hand": [[0.15079309322055953, -0.5219880949019406, -0.8395176423504263, -0.2867437092448589], [0.95744184553663, 0.28853071217804677, -0.007425668013117313, -0.10209277991710639], [0.24610273353294465, -0.8026695814036258, 0.5432816835095222, 0.36899037059750345], [0.0, 0.0, 0.0, 1.0]], "cam_to_tag": [[0.9565873322644194, 0.23362725342265778, 0.17423829145577158, 0.060673670169363245], [-0.09899457072450041, 0.8227585120078699, -0.5597039448544813, -0.0312963267809726], [-0.27411813277912334, 0.5181570585997854, 0.8101681997615714, 0.2277796407056609], [0.0, 0.0, 0.0, 1.0]]}
{"base_to_hand": [[-0.8145458920698787, -0.19099273171309358, -0.5477561192217353, -0.07207119559726946], [0.5170590341410358, 0.18904224768107483, -0.8348131430474884, -0.29441097358115376], [0.262992290619373, -0.9632158662649084, -0.05522906888874594, 0.2990021930737376], [0.0, 0.0, 0.0, 1.0]], "cam_to_tag": [[0.5889237936747496, 0.020607848402062673, -0.8079257898024909, -0.21072644697186926], [-0.37477370705719604, 0.8926570322905043, -0.25041583656173994, -0.19754270771625804], [0.7160401062387134, 0.45026518773556834, 0.5334302456470811, 0.5773436095277129], [0.0, 0.0, 0.0, 1.0]]}
{"base_to_hand": [[0.06468399716774395, -0.03180327962297589, -0.9973988830531271, -0.33507726852408537], [0.5091400051826669, 0.8606656531033955, 0.00557572333413782, -0.26229054141837455], [0.8582496347992215, -0.5081763325592089, 0.0718636166197823, 0.29687019778934276], [0.0, 0.0, 0.0, 1.0]], "cam_to_tag": [[0.968559850979207, -0.24847172036490434, 0.012394323299041075, 0.14932225167182192], [0.2410144487671279, 0.9495099972971268, 0.20085517299359823, -0.0642414991767859], [-0.06167536426008202, -0.19155304542532242, 0.9795425362033394, 0.48596227502609984], [0.0, 0.0, 0.0, 1.0]]}
{"base_to_hand": [[-0.3141522333276679, -0.06961288731962247, -0.9468169940459797, -0.2938321956293542], [0.9087902114310429, 0.2664212691161072, -0.3211231212007068, -0.4331291211280895], [0.2746064928262977, -0.9613395619039035, -0.020433326113291628, 0.21129924546928178], [0.0, 0.0, 0.0, 1.0]], "cam_to_tag": [[0.9294768118600414, -0.2133250040014556, -0.30094068997440704, 0.09088541126936657], [0.03416747134015019, 0.8621020367713744, -0.5055815088557608, -0.17617585560824017], [0.36729475917403626, 0.4596439065868564, 0.8085926285966625, 0.683460101273605], [0.0, 0.0, 0.0, 1.0]]}
{"base_to_hand": [[0.15075898698311613, -0.5221344230747579, -0.839432768054842, -0.28673946154775437], [0.9574559598971074, 0.28848238977311236, -0.007483024007904969, -0.10210505866141559], [0.2460687154055416, -0.8025917735880327, 0.5434120280850276, 0.3690234567125095], [0.0, 0.0, 0.0, 1.0]], "cam_to_tag": [[0.9560805951279769, 0.2370779477519957, 0.1723483168163672, 0.0605755152449563], [-0.10244528015735738, 0.8212175648774642, -0.5613436342475159, -0.031167658526970066], [-0.27461766183771463, 0.5190334843017649, 0.8094376949341786, 0.22780245105851482], [0.0, 0.0, 0.0, 1.0]]}
{"base_to_hand": [[-0.8145533459253008, -0.19093795506603373, -0.547764131681784, -0.07208267548574171], [0.5170602584161668, 0.1890796370456493, -0.8348039171094567, -0.2944253030876043], [0.2629667960190113, -0.9632193873515458, -0.0552890226139773, 0.2989760361044501], [0.0, 0.0, 0.0, 1.0]], "cam_to_tag": [[0.5872689268857118, 0.023059489199478728, -0.8090633272324015, -0.21079955967604158], [-0.37780534668772414, 0.8918259239503066, -0.248816481335844, -0.19753344596857103], [0.7158060683793296, 0.45179063882294085, 0.5324536516386057, 0.5775651313270915], [0.0, 0.0, 0.0, 1.0]]}
