{"base_to_hand": [[-0.014279196543320941, 0.22715905566843142, -0.9737529809833212, -0.39272190159179626], [0.9440379552697347, 0.32400668038136216, 0.061741477779436886, -0.3063131108817178], [0.3295276066678117, -0.9183781544092153, -0.2190733255047442, 0.21081736633978093], [0.0, 0.0, 0.0, 1.0]], "cam_to_tag": [[0.9125926177957409, -0.3664128715154398, -0.1814285576543205, 0.2777277631603178], [0.26658779654914816, 0.8696748924572201, -0.4154473831432722, -0.0787521565379908], [0.3100091299877912, 0.33076757552295344, 0.8913400867833109, 0.41062625245009765], [0.0, 0.0, 0.0, 1.0]]}
{"base_to_hand": [[0.21629546186801202, 0.2951756089341976, -0.9306382933587194, -0.3061054259500541], [0.9545731319398305, 0.13616404854058886, 0.26504619911181454, -0.22717968699682903], [0.20495465096915172, -0.9456906004478223, -0.25231503972365843, 0.16650097722746862], [0.0, 0.0, 0.0, 1.0]], "cam_to_tag": [[0.8934968136226513, -0.44605068503686496, 0.051982982064441685, 0.18281332646539106], [0.40350907733602204, 0.7466461009685533, -0.5288667359703101, 0.047666191853557915], [0.197088478997634, 0.49351634855048193, 0.8471114124835046, 0.35132451685936894], [0.0, 0.0, 0.0, 1.0]]}
{"base_to_hand": [[0.24116489256930074, 0.013196098303862591, -0.9703944340223686, -0.17399179803510978], [0.9703549251814726, -0.01959604248415083, 0.24088859311934782, -0.1296276323696461], [-0.015837101000403756, -0.9997208901030903, -0.017530776462805625, 0.22603368328807005], [0.0, 0.0, 0.0, 1.0]], "cam_to_tag": [[0.9751001321313244, -0.19328510000726734, 0.10872259393821615, 0.06257262440879678], [0.21538354628007522, 0.708653944156287, -0.6718776044962032, 0.024747622135724717], [0.05281723496447255, 0.6785649987635072, 0.7326389848648441, 0.19680099298865458], [0.0, 0.0, 0.0, 1.0]]}
{"base_to_hand": [[0.3241753251170474, -0.056873083325629153, -0.9442858735458731, -0.17434811139202216], [0.7740624606377359, 0.5897692641838818, 0.23021625063286955, -0.103573311922788], [0.5438176768152264, -0.8055666747185107, 0.2352119617839432, 0.1986514811815599], [0.0, 0.0, 0.0, 1.0]], "cam_to_tag": [[0.9841156549527537, -0.11326798324051016, 0.13669945738568196, 0.05786417823676998], [0.12660426713043996, 0.987570243711617, -0.09314705191116633, 0.015868525874897142], [-0.12444973773084682, 0.10897420661791868, 0.9862235472096165, 0.15429144080277435], [0.0, 0.0, 0.0, 1.0]]}
