{"base_to_hand": [[0.17774151597215418, 0.027123112596124526, -0.9837033548092731, -0.4857981053508395], [0.4469658541830354, 0.888337260947592, 0.10525414959306584, -0.15371028104492973], [0.8767151639468488, -0.45838984235607566, 0.1457713062657467, 0.23122432826380748], [0.0, 0.0, 0.0, 1.0]], "cam_to_tag": [[0.11826213827360499, 0.9796335631262081, 0.16227183565734493, 0.2928364919593094], [-0.9924795015328303, 0.1114128454569851, 0.05071111223709007, 0.05150344531582057], [0.031599140622800545, -0.1670486751334101, 0.9854421517512192, 0.44261983559519136], [0.0, 0.0, 0.0, 1.0]]}
{"base_to_hand": [[0.16305549784470044, 0.029694632109369797, -0.9861699313234542, -0.34851217751923846], [0.4468505243307062, 0.8889286915950967, 0.10064983936600382, -0.1279891571411036], [0.8796235066936249, -0.4570820605568749, 0.13167564842859736, 0.4216844665469352], [0.0, 0.0, 0.0, 1.0]], "cam_to_tag": [[0.12151363797707287, 0.9829236024280785, 0.1381869298283505, 0.15718250808385775], [-0.9919320609008131, 0.11518334817670817, 0.052948870241665905, -0.026212758435508333], [0.036127861030545896, -0.1435060559440326, 0.9889897823358671, 0.2632481099272212], [0.0, 0.0, 0.0, 1.0]]}
{"base_to_hand": [[0.18215078092652962, 0.12716502536776325, -0.9750128970075583, -0.24117518344723277], [0.42716516342634614, 0.8829057958855849, 0.19495455559330904, -0.08315321332884468], [0.8856359388387522, -0.45200266803953476, 0.10650151136178243, 0.3515706233673349], [0.0, 0.0, 0.0, 1.0]], "cam_to_tag": [[0.22209522033111995, 0.9641132168822371, 0.14546277234761826, 0.043606737981559035], [-0.974824844547098, 0.2165419942852208, 0.053160955265165497, 0.060263879040579574], [0.019754380774821056, -0.15360751851378673, 0.9879344587047463, 0.2953869388357075], [0.0, 0.0, 0.0, 1.0]]}
{"base_to_hand": [[0.4386033912879005, -0.07293887498608775, -0.8957159067843539, -0.10984289798519443], [0.4734601650961873, 0.865915333731176, 0.16132608864135267, -0.07679298031020725], [0.7638471949400902, -0.4948439706867109, 0.4143270537355311, 0.37343136836042823], [0.0, 0.0, 0.0, 1.0]], "cam_to_tag": [[0.01767725656635738, 0.8879355561501086, 0.45962806999212336, -0.10020524537506417], [-0.9995596554595747, 0.026651976664297805, -0.0130448195626452, 0.021383001423032795], [-0.023832955708921466, -0.4591950786586054, 0.888015692405204, 0.23525048695716236], [0.0, 0.0, 0.0, 1.0]]}
{"base_to_hand": [[-0.15904532820210338, -0.05489440255239687, -0.9857439769765276, -0.3320835072837553], [0.37679769252301515, 0.9194995955066283, -0.1119999677342732, -0.20724297651254964], [0.9125393594176726, -0.38923912757013823, -0.12555803073488037, 0.30685325504662125], [0.0, 0.0, 0.0, 1.0]], "cam_to_tag": [[0.036891002218552016, 0.9826874862778756, -0.1815608941049277, 0.14237602366981206], [-0.9897232796323128, 0.0610464498262292, 0.1293103271880188, -0.04581850129267825], [0.13815528838654562, 0.17492465599932924, 0.9748407464885467, 0.4549021074584401], [0.0, 0.0, 0.0, 1.0]]}
{"base_to_hand": [[-0.3035507678429248, -0.44014434065362273, -0.8450620632430252, -0.2123731038287327], [0.2741011440593278, 0.8090807821863978, -0.5198623382415913, -0.3282051137466162], [0.9125379412207134, -0.38943709028190254, -0.12495302535523875, 0.30703910934937023], [0.0, 0.0, 0.0, 1.0]], "cam_to_tag": [[-0.3555037516682463, 0.8864126935468919, -0.29646183442181284, 0.0061099609711423065], [-0.9270048033856568, -0.29382977601313565, 0.23307972290182322, -0.21268405017533104], [0.11949551058396371, 0.35768226045893703, 0.9261664124244967, 0.5534211748046899], [0.0, 0.0, 0.0, 1.0]]}
{"base_to_hand": [[-0.3821042813550043, -0.6784920079168318, -0.6274112792763303, -0.059582166375444764], [0.14676896775061027, 0.6257557667700516, -0.7660865424085227, -0.29973758426607033], [0.9123898225405607, -0.38480945355722546, -0.13952238593642793, 0.2769598390462635], [0.0, 0.0, 0.0, 1.0]], "cam_to_tag": [[-0.6115120966777716, 0.7013469508807201, -0.36628596766334476, -0.18384523453628904], [-0.7904012735834379, -0.5202232489390454, 0.32347117024703076, -0.21262219685856257], [0.036315042811966014, 0.4873194288694238, 0.8724683328992197, 0.5944060685314653], [0.0, 0.0, 0.0, 1.0]]}
{"base_to_hand": [[-0.02790126020726817, 0.2878073411196607, -0.9572818049438097, -0.469106952710388], [0.6677062664525528, 0.7180444306572529, 0.19641928963850433, -0.3358459217118114], [0.7439017821048953, -0.6337027142120613, -0.21220510969679263, 0.1882027101401396], [0.0, 0.0, 0.0, 1.0]], "cam_to_tag": [[0.3882345253606868, 0.9202737225274834, -0.048684997107637906, 0.2746417948913482], [-0.9082955674790176, 0.3731806963582827, -0.18903790615513255, -0.04427157886713884], [-0.15579831647335562, 0.11761140884691224, 0.980762173563557, 0.6178799101167423], [0.0, 0.0, 0.0, 1.0]]}
{"base_to_hand": [[-0.2190947482407804, -0.02369757869066311, -0.9754157657417218, -0.35453380453829375], [0.6830920507787268, 0.7101067405763126, -0.1706858727340946, -0.5342319308430389], [0.6966941520181024, -0.703695134097349, -0.13939302992435298, 0.20666532437146024], [0.0, 0.0, 0.0, 1.0]], "cam_to_tag": [[0.07877397307051642, 0.975959581220361, -0.20321800360908648, 0.1718064315050996], [-0.9762599787699626, 0.03426441055592311, -0.213874739091196, -0.2866598473218598], [-0.20176995568904088, 0.2152413668267147, 0.9554894237969409, 0.7272356270075278], [0.0, 0.0, 0.0, 1.0]]}
{"base_to_hand": [[-0.3292762749956133, 0.06735513143323231, -0.9418282332753808, -0.34542353074400217], [0.5066484325822309, 0.8543086064100042, -0.11603521351626521, -0.5186725320160682], [0.7967963983898158, -0.51538344102562, -0.31542892738239703, 0.05630563005475446], [0.0, 0.0, 0.0, 1.0]], "cam_to_tag": [[0.1646982676407498, 0.930574707553675, -0.3269635978171412, 0.15411519672002824], [-0.986220778989414, 0.16060615084232877, -0.03967668586367013, -0.17521637671037638], [0.015590244566686423, 0.32899297556787516, 0.9442036678076116, 0.8667226178488321], [0.0, 0.0, 0.0, 1.0]]}
